NArray.float(256,256): 
[ [ 0.0183156, 0.0, 0.0, 0.0, 0.0, 0.0213479, 0.021996, 0.0226582, 0.0, ... ], 
  [ 0.0188947, 0.0194921, 0.0201035, 0.020729, 0.0213688, 0.0, ... ], 
  [ 0.0, 0.0201035, 0.0, 0.0, 0.0, 0.0, 0.0234032, 0.0241078, ... ], 
  [ 0.0, 0.020729, 0.0, 0.0, 0.0, 0.0, 0.0, 0.0248579, 0.0, 0.0, 0.0, ... ], 
  [ 0.0207138, 0.0, 0.0, 0.0227247, 0.0, 0.0, 0.0, 0.0256251, 0.0, 0.0, ... ], 
  [ 0.0213479, 0.0, 0.0227136, 0.0, 0.0, 0.0248822, 0.0256376, 0.0, ... ], 
  [ 0.021996, 0.0226915, 0.0, 0.0241314, 0.0248761, 0.0256376, 0.0, ... ], 
  [ 0.0226582, 0.0233746, 0.0, 0.0248579, 0.0256251, 0.0264095, 0.0, ... ], 
  [ 0.0233347, 0.0240725, 0.0248276, 0.0256, 0.0, 0.0271979, 0.0280236, ... ], 
  [ 0.0, 0.0, 0.0255626, 0.0263579, 0.0, 0.0280031, 0.0, 0.029722, 0.0, ... ], 
 ...
